g <- 9.80665
rho <- 1000
tol <- 0.001
rho_s <- 2650
shields_c84 <- 0.02
sheilds_c50 <- 0.045
hour_2_seconds <- 60 * 60
travel_angle <- 30 #the fahrboschung angle for small failures in sand/gravel (ranges from 30 to 35 most likely)
